
1

0.40762043709152823
0.952465707063777
3.4093979463917763
4.04936433123524
5.0379601015526685
5.221400716227659
6.03802746844857
7.836580739978544
9.012959821194837
10.227260220473587
10.431128149348918
10.563862313437072
12.28647311574791
13.900621053698806
14.366482463801827
15.29374273152921
17.19679818466998
18.546132858443354
19.340288430155624
21.215537817049555
22.284448033977682
23.653194693668148
25.54822029161621
27.97552046965191
29.66341164667396
31.568675626265726
33.28504189168011
35.59715423588828
36.19040950661074
37.526696378293536
37.7745703724926
39.201851280657834
40.01120775136045
42.277263013178775
43.65410812720147
45.0943773281561
45.10104177852886
47.12266182568775
49.72370038250927
52.187653494034066
54.44435064862636
56.69015518514911
57.547424748785204
58.4357008527668
59.56571561562208
61.128177780150985
63.11836667292595
65.74495066373214
68.6712373865762
71.59757724636448
76.68636244029302
80.92184723754409
85.46587895904361
88.01457382905927
91.70925126718316
97.15915066705624
100.14345680901074
105.18220423820598
109.54311437352456
111.72554069786186
119.4985388605074
120
120
120
120
120
120
120
120
120
120
120
0.8577108363560738
1.6039304807275858
3.420329830064345
5.531307844574052
7.582088365971687
8.160314183492318
10.205144511814327
11.705354751551193
14.089617254390578
14.39187412577616
15.649052938808078
16.348460079204504
18.582229838000615
21.153849232626083
21.482565470471005
22.57341403753464
22.75164126154766
22.850633274275356
24.254882899090052
24.3635975431183
25.854932148226162
26.11020940709046
28.297921835975867
30.07519806039782
32.21512500421349
32.77840735915826
33.854800258095864
36.49003954750321
37.3140039036744
39.221974221535554
39.449226407658365
39.67790581714196
41.41580105358508
42.566018105257214
42.68399549074704
43.17867131355547
43.831344066737934
45.3916833207957
48.92156025324348
52.10209384253643
54.70694610507699
56.08485032049262
59.322487131556656
62.11456048361803
64.32479318788603
66.34695676488688
68.40610357333698
69.98188275806913
73.44673507297009
75.92927345270992
77.71960899700132
80.4008185932822
82.73209961131359
86.1579830485266
89.21000065050666
92.0487734416122
92.9141437845269
96.82288131706066
101.55303887482248
106.55792602504557
113.08488570557937
114.66866986915629
116.33824550651363
120
120
120
120
120
120
120
120
120
120
120
120
120
120
120
120
120
120
120
120
120
1.5383963567181058
2.5313147283872555
2.6367575272026325
2.686784581562919
5.1626053392549505
7.5763793046392856
7.74040452112259
8.490644181101983
8.599155992931378
10.174387896410373
10.395176169222571
10.863674064045968
16.232550420329652
18.214915262274204
18.520310844832988
20.83454277130558
21.862696107349034
22.421613974482952
24.12212367951674
25.669595741810106
27.16644334065796
29.406528921724064
30.545453382802602
30.708068856201834
31.320771888621323
31.74623324100867
34.29378312917778
35.14034554119501
35.51924052231146
36.503741811402705
37.61775885105122
38.26985674413351
40.511072530919684
41.48269977144932
41.58823462144528
43.57479832950229
44.656606818372296
45.4794413983649
46.61825872440899
46.79922954251947
48.96304862249394
50.236226843717134
51.91896455045525
54.29692988377923
55.2388204757893
57.896877492739
58.98640090379203
59.987426930342075
61.45560331596268
64.02323964378958
69.89409922312234
75.4831297522398
79.54615186483323
81.29688941064312
87.25200670842534
89.58249335004203
94.25010078120654
95.71598071908593
98.42862329151235
103.01238007604056
107.07193742173838
115.12774880084913
120
120
120
120
120
120
120
120
120
120
120
120
120
120
120
120
120
120
120
120
120
120
2.517640301966761
3.4960689126638416
5.263375620975226
7.919203190033883
8.98803095170087
9.810095559360176
11.508297627859541
13.47599873506584
15.458945602712637
16.738456229165138
18.329786646575183
19.648148084756574
22.29147425830304
24.288723356864818
25.913053740107664
27.162775022465105
29.474861942104305
30.432302855497912
32.68180186815776
35.137604193911535
36.02233124402843
38.57779160949832
39.27831859698508
41.433962406439
42.52315893102684
43.61322042427885
45.47318813380058
46.634684403153734
46.76541670734835
47.62454981993529
48.182478635133
49.10309673110211
52.22375905096471
53.42092428456599
57.20877410733321
57.992126336946
59.93264653221568
63.79776638426562
66.94287419392727
67.54689169673549
68.58102581584323
71.23356033770857
73.3214967388
76.17971566156334
77.01400253631552
80.62613293448699
82.40504092547857
83.91114979134825
85.8488284240415
88.49388477033257
90.74480370933057
92.45032812263776
94.63109176463523
100.91434719535063
107.62558308159207
111.3713069797082
116.24214537897932
118.77031494997232
120
120
120
120
120
120
120
120
120
120
120
120
120
120
120
120
120
120
120
120
120
120
120
120
120
120
0.9039256953459412
3.4394126929727986
5.317605376018654
7.559254500563345
8.5866260169021
10.49622612888215
11.86110973747229
13.995051922391514
15.632660033676066
16.466409748959116
16.50390872554947
19.14993098079408
19.62534025988868
20.156185560648876
20.820117141450353
20.988902583016923
22.301714924838517
22.546909941733063
25.074432035946373
25.358780514562184
27.679854679357234
28.002569115317094
29.276721935946714
31.133098584907916
32.52270155997182
34.957842093485404
36.827850830533016
38.79104157142658
40.80965435665864
42.55741815903977
44.26233978278628
44.7071938873103
45.092602652572744
46.7408329799114
46.94284878500505
47.91693889346814

2

1.1459463362770854
2.558886651083271
2.66455861836066
2.7611705697264832
4.643819707606125
6.277043416122628
7.937796424327382
9.542743801951762
11.11744412392639
11.753835786679277
13.75441846887905
14.568834174705396
15.36398990212578
15.961717808756358
17.06164522703058
18.079138952675983
19.44336081907484
20.924339512467817
22.385136394695927
22.403048335778116
23.43102662836252
23.721968086911584
25.379090171027542
26.84972546151174
27.46535238606385
28.38160824476631
28.97750556417459
30.576942782083925
32.24938594900851
33.45482556690046
33.952154398537786
34.27982140581036
36.18582046668537
36.523387095817064
37.168151725635155
39.10426460674052
40.77165966393151
41.14190238914861
42.46012446615913
43.712932232658986
44.94385109020767
46.722961040771224
48.49101370659131
49.40482008743242
50.65719275283123
51.54165540822743
52.78948373089709
53.43096258795614
55.095102135443426
55.30831149065769
55.68062845495186
56.27574538514513
57.782270021487356
59.58770406022345
60.535512064067625
60.564939278276746
62.065530091392425
63.89710463451531
64.16181332143994
64.321889215841
65.03170810433616
65.04009316024725
66.4166092847566
66.45987542750996
66.99429319805058
69.08988426276613
70.5547681333079
72.65959901428434
73.75235748388027
73.83113435741963
74.7012409510311
76.73982564884057
78.83901636044008
80.50215658629237
80.6873106428286
82.30303749231682
83.0537634322362
85.01612016587643
86.82249881348562
87.00891200692874
88.47632644519493
90.32945827376375
90.64104530350974
92.29762690492305
93.70063507180767
95.5139870288998
96.13771614780063
97.89607524569686
99.46474244482182
101.52816670652803
102.52576293499786
102.85285985943872
104.15719963041545
105.88436214323818
106.22692423967472
107.04924996716124
108.87346352042496
110.03859043878077
110.49824007143559
110.77463879325468
112.16321019882984
113.3968310659934
114.73115236225138
115.92135913399
116.81538686090381
117.04442152091688
118.16478197245443
118.74662010659605
119.78779019245601
120
120
120
120
120
120
120
120
120
120
120
120
120
120
120
120
120
120
120
120
120
120
120
120
120
120
120
120
120
120
120
120
120
120
120
120
120
120
120
120
120
120
120
120
120
120
120
1.6154740867237398
3.3772321512945807
4.4290602435484185
5.857061293438851
6.56713608365126
8.2287719966174
10.123164888211587
10.55586252512082
12.498637073081056
12.894342711628758
13.26918797996469
14.958097970194357
15.899063205716526
16.209576575647496
18.277993138549867
18.82867643904832
20.946797910088936
21.170030233662107
21.341465974408568
22.34072782002325
23.69541892101739
23.98535876536039
25.45977914492838
27.422256759615028
27.69090611410547
28.46178975073268
30.11728610509823
30.41828119319996
31.769229758638986
33.05510640413617
34.59281243947657
35.43550554560117
37.086789830123735
39.1410462923804
41.25754560477721
42.88084341785595
43.77518709773197
45.084377483187374
46.83930064481625
48.315429949043946
49.37808222326283
50.793067214391826
51.33647918467313
52.35415290154654
53.75182308553816
54.39377732416859
56.357149265899714
56.66753654358748
56.91655603129117
57.08837899404683
57.855061881932585
59.639999309579636
60.9130463988437
61.24670166488592
61.28070604017528
62.73380264859332
64.56560441151055
66.31757288677908
68.41590571651048
68.89283175973992
69.2929088851129
70.13321007979017
71.9378279953466
73.97682638222179
74.57241490214771
74.91470824491776
75.6744171602008
76.90974060287438
77.14573074669025
77.9762536063473
79.23667549146565
81.18430480311832
83.29698709061667
83.78293775706999
84.8730438141576
85.06179559944914
85.45988318840044
86.62836685866897
86.90458564279155
87.4134152282108
88.64404455035715
89.01481731506567
90.39339648585164
90.64830607179394
92.7484342454491
93.48439988500286
94.02474063678923
94.94096094946137
96.64391726998795
97.93000875204366
99.39848480483792
100.00504968161204
100.21491532863341
101.79867445708886
102.268063517538
103.85388112543468
105.77734964401162
106.16597497202862
106.64053589712557
107.97250581684239
108.16869926196438
108.34868762870465
109.17415718043934
110.85851484118689
112.0874443328197
113.3613336670607
113.83592284181286
114.67723508536987
114.80955080714965
115.9386627081967
117.87383204308917
118.3718481841304
118.5195618364271
119.05258935216496
119.93046780756163
120
120
120
120
120
120
120
120
120
120
120
120
120
120
120
120
120
120
120
120
120
120
120
120
120
120
120
120
120
120
120
120
120
120
120
120
120
120
120
120
120
120
120
120
120
120
120
120
120
120
120
120
120
2.0290575559990045
2.1126423205651688
3.367893601311361
3.9029873480610124
4.554281508316914
4.762389499499041
6.405946478430387
7.181033099777547
7.2409600658584266
8.120518140838668
9.457250425619778
11.008051304025773
12.726199498415458
14.615599364252649
15.924669293309513
16.32777732818632
16.57491441336085
17.99056859678964
18.9346522233165
19.07620478446409
20.37950915652197
22.481504514049497
24.006272019436057
25.403123771218027
26.045675089358845
27.8765176876843
28.743883116533375
30.175549961121895
30.602922889117615
31.174513526350374
32.67276015750449
34.150220864158236
35.07978937281783
36.01583199191022
37.24046290161321
37.86263026691675

3

1.739940473424771
5.195105882538406
7.867640559347136
8.731678726432527
12.071256296225242
14.465311010765111
14.97604169964474
17.4563365722582
20.354061266423397
23.795180550310533
25.40617137208557
25.758623774984397
28.226340925922923
31.365609521956465
33.63391546988222
35.6885077658245
35.7639478728431
39.453009298175004
40.24590126213795
41.25070102071515
44.86099244511509
46.703349636565854
47.75198240476633
50.497953738221845
54.20817388605132
55.69527566400467
56.65497651850646
59.918821098503244
63.50207705817605
65.58134729762165
68.2453332858585
71.30236026656311
71.60942677276967
71.77411423071753
75.20679863893042
77.20426462118304
80.45315023586016
81.87498576324387
85.45503133013143
87.13613854956202
89.270924458453
92.86551970019511
94.80936659405579
95.78763972117534
97.74408408120503
98.05131344654639
101.37964145538058
102.02101061573603
102.43542284008768
102.55148572546445
103.62297381573826
105.94223989991592
108.30139995556483
109.88372665426819
111.24420178152646
114.09647436672213
114.09903323293811
117.87009092884172
120
120
120
120
120
120
120
120
120
120
120
120
120
120
1.9943478933682166
4.607461063783884
7.803499064098562
9.490806763022901
9.709532854817022
11.080793563637913
13.134246198271132
14.81869791247781
14.997730362583347
16.34468352284559
16.599667900025185
18.572548014407158
21.090171480561903
22.063102864198324
23.838778961797846
27.548070552170834
30.429107587223406
33.36853954562767
34.11486697325852
37.54295274820105
37.5990683175417
41.04020059621272
41.9186898493732
44.94651822156298
46.745133505228445
50.47523416637143
52.36422702767473
53.11967207208875
54.71881967624836
56.760395028568155
57.7011149117835
58.219993245414734
61.122026565996116
61.71361560281869
62.01536031905147
64.40657852522996
64.66935258165603
67.89156206915605
68.99231986571913
71.34721629137519
73.15997751174264
75.90716261118406
78.71931056414942
79.11997232221908
82.25710577507392
83.0832079028401
85.52088743410347
88.1328352040427
89.41602243249856
91.7614847634496
94.87848095211801
96.9034474184702
100.43390523500811
100.6302243931585
101.88502577838825
105.15424676801797
106.18487768783503
107.64981794423313
108.26534473237878
111.60271487627162
114.14210700972079
116.14571577221281
116.68203623942654
117.59090360908597
117.87257300676258
118.94280906489693
120
120
120
120
120
120
120
120
120
120
120
120
120
120
120
120
120
120
3.02533819088245
4.574076772846082
7.826820467794038
8.292864902630638
9.821058253266587
10.880373869084346
13.423563798938833
15.103535880242735
16.249260433864237
16.33873957790434
19.51957110950544
20.930308041010825
22.55585355577302
26.20067411710081
26.889602535863073
30.22919180950558
30.853344257222638
33.121665425904716
35.036634621488794
36.364015237770374
36.79258808625451
38.73564864223392
39.48800258543765
42.77211297273989
45.03089878625931
46.013932184444364
48.275544866733014
49.487748119839765
50.74629448638057
52.60000046393391
53.587854880959036
56.7321824429077
60.07558240762815
63.05668058459638
66.39254861964356
69.31430355773657
70.12687111645623
71.68164397933623
74.83519352306838
76.47174918113839
77.04386203978363
79.95146942244064
80.14489942889794
81.18377715347822
82.77772874982334
83.31293777493386
85.30387586081248
85.56873746723261
89.21806331805821
92.4698256805744
94.70438446648015
98.3073570440103
101.69211027451355
105.2265967708199
107.72596511740693
110.70824477772923
113.64806103603122
116.55710655482967
119.65626964405938
120
120
120
120
120
120
120
120
120
120
120
120
120
120
120
120
120
120
120
120
120
120
120
120
120
0.6676140576781127
3.0491539457523285
3.409209347539622
3.8584473746610977
7.24005712624637
8.288776918561005
8.794795269360069
11.919812538985912
12.925008660917586
16.286497713582577
19.899930227199455
21.445475588905804
23.31996639928959
26.595346328433685
29.17813511594145
31.116326961334124
34.03614070171797
36.013006776909684
36.53604194637604
40.328356480245255
41.9672088660108
44.39996178584786
47.31048851910289
47.94220244645118
49.87026314381681
51.66270494806853
53.78087755560346
55.16464467784569
58.182031408148454
61.34409405604421
65.09548203306029
65.95438018221343
67.41055494624177
69.12102248578692
69.18187731580772
70.68499131505617
70.7756103276137
72.65028261709837
73.0938677748675
73.62289881401482
76.66207681819476
78.03459379600092
80.72133939411582
81.26276095900782
83.52120346158867
86.25479880224297
87.15171570355116
87.9228154551487
91.38714524215075
92.01186634612974
93.26982017066277
95.42464079316512
98.28463067293093
101.71472659231547
104.48042044373537
107.52761983463172
109.77474881556114
110.37441887973772
113.67268685263798
116.1069287512096
116.47209772837147
117.26815737177941
117.72820680639703
118.16827682187967
120
120
120
120
120
120
120
120
120
120
120
120
120
120
120
120
120
120
120
120
2.3451575235013364
4.754294029151389
5.960178330368693
9.337260951242996
12.610422315906291
13.180392151371091
16.438878539775263
16.514562474258074
18.67054479386278
21.22514817763978
21.688581306430333
24.575909667671393
26.243360803014596
26.749899579969405
30.177702242373606
33.142638156700336
36.680414788094154
38.601579777778085
42.14090672074375
45.841593902859564
47.16609884344269
48.93476415798408
52.692671571285864
54.25326080261244
58.04940152106445
60.489414775502055
60.9927667137895
64.27279270909656
67.08568276413972
70.66042883051304
70.7846553795119
73.40654074273988
75.27118513475257
78.47067780657004
79.08299626100101
79.99101525506258

4

4.149698057757829
6.789857049784831
8.816831646573757
10.2211387354681
10.640162741626444
12.228090646682704
15.580752385364963
17.428499047276848
18.454496775419244
18.915414901228605
20.134155175529084
23.12011230804372
25.33204116925957
29.866099542668348
32.24065710399397
33.59774714665296
34.98862377347417
38.79233715318816
39.65885794218496
40.88827937222097
44.29866997569253
46.68500314415596
49.71522326656383
51.98449128522712
55.21198026491405
56.60529201540834
56.75312649976491
61.2619194290678
65.82042219658783
66.34484383236051
69.31726218304495
71.89010614445775
74.46137251130563
76.454154092347
78.92522171691587
82.76013293962863
87.25577863778169
90.44132525506892
93.89722184126764
96.81631156480104
98.96714793417507
103.07463975824825
104.5966047013008
106.44344012742498
110.64116815167695
113.34767497282516
117.63238740842061
120
120
120
120
120
120
120
120
120
120
120
120
120
120
120
120
120
120
120
120
120
120
120
120
120
4.17416306523075
6.258524188950604
7.119880267038174
10.7067465999877
13.140804799532484
14.012341961903894
16.568028479644816
17.31019876120446
18.475575634689903
19.339388493825894
22.06779469734655
23.602335052054052
24.407325477906166
25.700448722343147
26.952500881461834
30.451058404715997
33.113653904439715
37.48183417905878
39.98836913283074
43.66132025260474
48.0683502651686
50.17599743304492
50.816462595401866
53.91249405303432
58.06956625884692
58.49533758657452
60.943018333724275
62.6275700430029
63.38201771350367
65.44041576446448
66.15443150097151
69.12776482712532
72.6688452110376
75.37941466012627
76.09791810570852
77.56094285453885
80.38800291111777
82.14183908729783
83.98641421773851
85.84230448254647
86.37964680208763
86.70571955425984
89.1576544946427
89.29143408066119
91.08057150063564
92.19202839966353
95.07517988870157
95.73956853355166
97.23513059827444
99.43628302251454
102.13499973220901
102.45486824011995
105.51160064404822
109.36877999910212
111.5838990197094
116.04945481515495
118.45070457224817
120
120
120
120
120
120
120
120
120
120
120
120
120
120
120
120
120
120
120
120
120
120
120
120
120
120
120
2.8843126243608994
3.6055148437300355
4.248717394072566
7.365635025261971
9.547736819969854
10.126973082378488
13.538474795049266
16.532390017614276
20.23325224644673
22.210766317943357
26.242641804277344
28.6270991523203
33.05293268796726
34.09957049532244
35.58719953710822
38.10358775951647
42.457333485839754
42.529358069557425
43.31132158114169
44.00568942489513
45.46992678567325
49.85185049239928
53.3665576410871
55.82026519587735
57.19212017165254
58.65599425805784
63.08471529229455
66.73638792627114
69.2392068966416
70.48531391275358
71.62489585245534
74.63020427970953
76.09151936240066
78.99987530708499
83.17862343974363
85.76343258030839
89.69112273436764
93.92357752947622
95.00547297527251
97.85107557133173
101.1042615153135
105.03801788550669
109.43581308791235
112.25503693848695
115.16260547736142
119.20252092487102
120
120
120
120
120
120
120
120
120
120
120
120
120
120
120
120
120
120
120
120
120
120
120
120
120
120
120
120
120
120
120
120
120
120
120
120
120
120
3.8222834687624783
4.2197848090094086
7.419672220194583
11.098493416428893
12.026360834621894
13.263582898942289
17.188929906667838
17.711324049796634
22.247702626751988
22.96175040567944
26.46294888463166
30.43128012148556
30.88804967342985
34.195199028091835
38.115010619734925
40.31785379629221
41.20249574756924
44.46897045202726
47.30194884727901
50.64602037917326
54.9897220659478
55.499094312965866
56.65950303759252
58.73801585945734
61.94213393448912
65.1290539939075
67.76749638601598
69.443429261228
70.14967983350387
70.82724099624778
72.71054738303175
75.22541427627729
78.34433984513008
79.16106053729216
81.45291951761753
82.786323177769
85.3818791604421
88.92526862534005
93.15631490973801
94.80466617664841
95.09084984097132
97.93991733043015
100.75255976655944
102.11790419435286
106.31035008388459
109.86258249099473
110.13606628833482
112.87598292500869
115.16200934582749
119.71872950399084
119.84832552382441
120
120
120
120
120
120
120
120
120
120
120
120
120
120
120
120
120
120
120
120
120
120
120
120
120
120
120
120
120
120
120
120
120
1.0733229664084016
5.196347478977869
6.383440552610249
7.226079490863026
9.539104890307748
12.489645419597887
16.66468967001373
17.24299795772866
17.842576389152374
21.662288744782522
25.311875170543498
29.250919063975847
33.28455044098604
35.52544813905345
37.78072287067488
38.82707611038019
41.659344979921585
46.01237256413282
48.92365790612442
53.162566826450835
54.246895715270014
58.80571538679894
60.89050799111533
63.594150491961344
64.3246796107474
68.55754077480722
70.10700787476843
72.55022936659545
75.06394896241267
77.08977290856305
81.46306017493004
85.98763134400876
89.39285155529826
91.6587994029235
92.6612626885979
93.02307134832817

5

5.39240043340753
6.60864274255351
10.113179640501617
14.757369838789401
18.753974199158744
21.583972550750218
23.860391420991654
24.655781012749955
30.389035465441232
36.099684004480345
42.03093874698193
47.46941280838074
48.55282562847902
53.9023042396553
58.109037304513876
59.51601146715317
62.71149706786446
65.08430031018761
69.72266498815937
74.18077461344625
74.93929546388499
78.36261448234089
79.89653621417467
79.90526551210533
4.9274056145977285
6.265421590198916
7.547963005584778
9.121085733723172
11.740730474457354
12.105962902654698
15.581273958180118
21.39804363630344
26.279524773708165
30.30489270256006
35.946859750326915
39.08178811473911
44.45211833431454
45.79836730213535
51.607370360823204
51.96883715829394
54.9365723158671
55.39931415861435
56.551820336889186
57.37333348457039
58.609166324214904
58.82281670852189
63.27171600355695
63.83474543535989
68.12518427285625
72.2008160868315
73.44619040948304
76.06226798148981
79.2113367832115
82.81653792214246
86.31280409226653
89.70488594377602
89.75063068799433
93.65301656508453
99.20416403860047
102.4302522495037
3.4702490761024403
9.146635766246153
14.90598505537855
15.590196111667566
19.248832613724318
23.871131338244524
29.813299503151597
35.31074318428265
40.53241495816696
44.02964721968748
46.95911226293657
51.11703108245967
52.50367907989437
55.55536515261008
58.74162322210392
61.51360275294805
63.1167560003497
66.60551483572351
70.92303327190412
72.47261811410141
76.1228308026639
76.3246081088641
76.7078846476636
77.59587162566149
78.69000743107281
80.13759493009681
84.9291318971823
86.27352760639519
89.55431130560012
93.49493550679131
98.52781471435213
104.25820823097503
109.85008610792003
112.90581859976119
116.81473698706132
118.08480107542053
5.372125161470944
6.896771831134691
12.892913547572942
12.976609817303153
15.555542314931522
16.15388949853602
19.462984861235146
22.197906335108108
25.00451736617305
29.138187490080192
32.05123408256893
32.077729587620226
34.93325479590373
37.261482971120266
39.37446956719751
42.293051093316066
45.45616314977396
49.84352494028534
55.28497724980361
58.63864121744062
61.19527083433942
62.401053965923275
65.37680575234248
70.93035354290141
71.05953286999805
75.27974920777976
81.14474029623481
83.56788899463668
86.40762683375998
89.65553846529427
92.38108329141767
96.0170768327065
99.55141034036906
102.18772387542892
106.80989579616559
112.00685935902055
3.290894373459034
3.730651417295344
7.105440131367413
12.828515033446262
18.676619293617858
21.715300293697318
22.63474162442162
23.249074557784986
28.936823437793457
34.75407355974323
39.66039210031985
42.16830731933726
42.74556144043359
45.64123435796631
49.644106722151186
55.06650031451302
60.96293644958971
63.03095202381509
67.35342415537012
72.96387839497747
76.02933242290588
78.82591916672608
81.76693580801172
87.41777231586278
92.02154648528841
95.9345908190259
98.58940489448979
102.4749292659118
105.31767375602199
109.01295378823343
109.61532850283288
112.90058625518229
114.5644272187476
119.29019837485886
119.92425060015603
120
3.8585140550460766
5.877280920891408
9.040949061328023
11.180892159899136
13.985115921490468
17.006840875280325
18.86980395206885
21.12906802933755
21.707129523734615
26.566771712459733
30.45080815586661
35.77477754381799
37.80247860160894
38.25387124147466
39.26180008576287
42.576981606937025
44.88436692705918
50.16028565487892
53.876864668568864
54.50154629480891
55.47356065824623
57.01932710444308
57.95334457234301
58.58318684516986
62.595506022268616
67.39400475040931
71.48626937153111
71.6142924223924
71.90552486006717
73.90827756089278
75.10938958260417
76.95724977488305
79.88652905065466
85.12666078841647
86.36176430217809
89.66049247664603
2.473628353897292
5.890299256588774
6.391427351337928
6.575175020027375
9.128917610335812
11.546270227429497
11.599196816745033
13.017582134341351
15.999073406298013
21.119154657537948
21.79624556245029
27.18980236974917
27.471046630976446
30.635943699017098
33.258006507849096
36.669296804192214
37.81573453127423
43.01214637330121
45.77594769182435
48.728196820615885
50.31161194989619
53.716605570308985
58.53687808234846
62.6423482355243
66.73956401375764
71.75099342326878
73.6065564890111
78.34441488794972
80.20590723898799
81.80081528119959
87.08571681960521
89.45484177064289
91.99931223245311
95.44282413329206
100.52742457815384
105.95273616286788
1.7346635150495706
2.3265225087839267
2.857732358799017
4.307512965607901
6.898365598369927
10.154091914576249
12.32249531383149
16.76291522361637
21.63614767904963
24.910660482163877
26.20667620848007
28.696366534213862
34.671641034810676
37.76883074325479
39.331139640915715
43.05285948568308
43.06814473712854
46.907277631065455
48.072621001126564
48.410650505735184
54.36414397806855
56.30749396857105
61.03615930139024
65.45090039955203
65.48682696162398
66.02295772818488
71.46675806515073
74.26547663733396
77.08460760493995
81.99359710729583
85.14663236336315
89.03776057004325
91.35693595832007
91.54815213068757
95.42632642660418
100.92473206099244
0.4210289230034918
4.5011687028483145
7.504645499883129
11.388919377554993
11.733173781284822
12.9322628537473
18.30901403560407
19.364904576168207
22.934770646215078
25.97109697983659
28.08955504976351
29.84919554730396
34.53987116535755
39.16382892486555
44.0845465415197
45.04496902066716
49.54798359070637
49.89539063775286
52.58655814317677
53.48680640119059
59.17933438481203
59.47105304483516
62.64507439917213
64.31742506440085
66.55691121954725
69.96844105454586
74.67632258871322
79.18018082205182
85.12814886435541
87.72079192259383
91.15553807132736
94.01219728862199
96.09217277993717
101.58583125260496
102.86428118724692
107.731083620017
5.529994004857325
11.22160388663146
11.261303200810264
16.71124492634614
21.41272869032021
22.597976018047675
26.470394289587183
27.558073810574022
29.107848949957415
32.13576358481809
34.576519837453766
40.40098791311213
40.62029552123512
41.976862230610095
46.582028191570814
52.41713320184202
55.80622378977271
59.249022102208876
64.12141034642636
66.8999652440514
72.64616369187684
78.14548762336275
83.0207901549099
84.43976166520696
85.87294456625214
86.22153452186618
89.07548470331318
94.86984419315958
97.93672845422826
99.08149685903705
102.92054934598525
105.04471862436039
108.226642462489
109.51673448105511
111.93004272053622
117.3389046100811
1.4214443877952088
6.572127716729233
10.416641993850961
16.385717244299343
21.63335017562801
27.560750112318186
33.42007221651645
36.50823089758761
37.183358517652636
42.2305261324105
42.63952030420403
47.51914204792941
